00100000000100000000000000000000
00100001010011000000000000000000
00100001011011010000000000000000
00010010000010010000000000000110
10001101100011100000000000000000
10101101101011100000000000000000
00100001100011000000000000000100
00100001101011010000000000000100
00100010000100000000000000000001
00001000000100000000000000000011
00100000000100000000000000000000
00100001001011001111111111111111
00010010000011000000000000100000
00100010000100010000000000000000
00100010000100100000000000000001
00100001011011010000000000000000
00010010010010010000000000010000
00100000000101000000000000000100
01110010100100101010000000000010
00000010100010111010000000100000
00100000000101010000000000000100
01110010101100011010100000000010
00000010101010111010100000100000
10001110100011110000000000000000
10001110101110000000000000000000
00000001111110001100100000101010
00100000000100110000000000000001
00010011001100110000000000000010
00100010010100100000000000000001
00001000000100000000000000010000
00100010010100010000000000000000
00100010010100100000000000000001
00001000000100000000000000010000
00100000000101100000000000000100
01110010110100001011000000000010
00000010110010111011000000100000
10001110110100110000000000000000
00100000000101010000000000000100
01110010101100011010100000000010
00000010101010111010100000100000
10001110101110000000000000000000
10101110101100110000000000000000
10101110110110000000000000000000
00100010000100000000000000000001
00001000000100000000000000001100
